lr:0.100000
wd:0.000100
momentum:0.900000
batch_size:100
epoch:2
dataset_type:semiSup
labeled_samples:10000.000000
